(-10.0, -1.574)
(-9.9, -1.531)
(-9.8, -1.487)
(-9.7, -1.447)
(-9.6, -1.403)
(-9.5, -1.367)
(-9.4, -1.321)
(-9.3, -1.286)
(-9.2, -1.245)
(-9.1, -1.216)
(-9.0, -1.175)
(-8.9, -1.137)
(-8.8, -1.108)
(-8.7, -1.071)
(-8.6, -1.037)
(-8.5, -1.004)
(-8.4, -0.973)
(-8.3, -0.943)
(-8.2, -0.911)
(-8.1, -0.881)
(-8.0, -0.851)
(-7.9, -0.824)
(-7.8, -0.796)
(-7.7, -0.767)
(-7.6, -0.742)
(-7.5, -0.716)
(-7.4, -0.691)
(-7.3, -0.666)
(-7.2, -0.642)
(-7.1, -0.619)
(-7.0, -0.596)
(-6.9, -0.573)
(-6.8, -0.552)
(-6.7, -0.53)
(-6.6, -0.51)
(-6.5, -0.489)
(-6.4, -0.47)
(-6.3, -0.451)
(-6.2, -0.432)
(-6.1, -0.414)
(-6.0, -0.397)
(-5.9, -0.379)
(-5.8, -0.363)
(-5.7, -0.347)
(-5.6, -0.331)
(-5.5, -0.316)
(-5.4, -0.301)
(-5.3, -0.287)
(-5.2, -0.273)
(-5.1, -0.259)
(-5.0, -0.246)
(-4.9, -0.233)
(-4.8, -0.221)
(-4.7, -0.209)
(-4.6, -0.198)
(-4.5, -0.187)
(-4.4, -0.176)
(-4.3, -0.166)
(-4.2, -0.156)
(-4.1, -0.146)
(-4.0, -0.137)
(-3.9, -0.128)
(-3.8, -0.12)
(-3.7, -0.111)
(-3.6, -0.103)
(-3.5, -0.096)
(-3.4, -0.089)
(-3.3, -0.082)
(-3.2, -0.075)
(-3.1, -0.069)
(-3.0, -0.063)
(-2.9, -0.057)
(-2.8, -0.051)
(-2.7, -0.046)
(-2.6, -0.041)
(-2.5, -0.037)
(-2.4, -0.032)
(-2.3, -0.028)
(-2.2, -0.024)
(-2.1, -0.02)
(-2.0, -0.017)
(-1.9, -0.014)
(-1.8, -0.011)
(-1.7, -0.008)
(-1.6, -0.005)
(-1.5, -0.003)
(-1.4, -0.001)
(-1.3, 0.001)
(-1.2, 0.003)
(-1.1, 0.004)
(-1.0, 0.005)
(-0.9, 0.006)
(-0.8, 0.007)
(-0.7, 0.008)
(-0.6, 0.009)
(-0.5, 0.01)
(-0.4, 0.01)
(-0.3, 0.01)
(-0.2, 0.01)
(-0.1, 0.01)
(0.0, 0.01)
(0.1, 0.01)
(0.2, 0.009)
(0.3, 0.008)
(0.4, 0.007)
(0.5, 0.006)
(0.6, 0.005)
(0.7, 0.004)
(0.8, 0.003)
(0.9, 0.002)
(1.0, 0.001)
(1.1, -0.0)
(1.2, -0.002)
(1.3, -0.004)
(1.4, -0.006)
(1.5, -0.007)
(1.6, -0.009)
(1.7, -0.011)
(1.8, -0.013)
(1.9, -0.016)
(2.0, -0.018)
(2.1, -0.021)
(2.2, -0.022)
(2.3, -0.025)
(2.4, -0.027)
(2.5, -0.029)
(2.6, -0.032)
(2.7, -0.035)
(2.8, -0.037)
(2.9, -0.04)
(3.0, -0.043)
(3.1, -0.045)
(3.2, -0.048)
(3.3, -0.051)
(3.4, -0.054)
(3.5, -0.056)
(3.6, -0.059)
(3.7, -0.062)
(3.8, -0.065)
(3.9, -0.068)
(4.0, -0.07)
(4.1, -0.073)
(4.2, -0.076)
(4.3, -0.079)
(4.4, -0.081)
(4.5, -0.085)
(4.6, -0.087)
(4.7, -0.09)
(4.8, -0.093)
(4.9, -0.096)
(5.0, -0.098)
(5.1, -0.101)
(5.2, -0.104)
(5.3, -0.107)
(5.4, -0.109)
(5.5, -0.112)
(5.6, -0.114)
(5.7, -0.117)
(5.8, -0.119)
(5.9, -0.122)
(6.0, -0.125)
(6.1, -0.127)
(6.2, -0.129)
(6.3, -0.132)
(6.4, -0.134)
(6.5, -0.136)
(6.6, -0.138)
(6.7, -0.14)
(6.8, -0.143)
(6.9, -0.145)
(7.0, -0.147)
(7.1, -0.149)
(7.2, -0.15)
(7.3, -0.152)
(7.4, -0.154)
(7.5, -0.156)
(7.6, -0.157)
(7.7, -0.159)
(7.8, -0.161)
(7.9, -0.162)
(8.0, -0.163)
(8.1, -0.165)
(8.2, -0.166)
(8.3, -0.167)
(8.4, -0.168)
(8.5, -0.169)
(8.6, -0.17)
(8.7, -0.171)
(8.8, -0.172)
(8.9, -0.173)
(9.0, -0.173)
(9.1, -0.174)
(9.2, -0.175)
(9.3, -0.176)
(9.4, -0.176)
(9.5, -0.176)
(9.6, -0.177)
(9.7, -0.177)
(9.8, -0.177)
(9.9, -0.177)
(10.0, -0.177)
(10.1, -0.177)
(10.2, -0.177)
(10.3, -0.177)
(10.4, -0.177)
(10.5, -0.176)
(10.6, -0.176)
(10.7, -0.176)
(10.8, -0.175)
(10.9, -0.174)
(11.0, -0.173)
(11.1, -0.172)
(11.2, -0.171)
(11.3, -0.17)
(11.4, -0.169)
(11.5, -0.168)
(11.6, -0.167)
(11.7, -0.166)
(11.8, -0.165)
(11.9, -0.164)
(12.0, -0.162)
(12.1, -0.161)
(12.2, -0.16)
(12.3, -0.158)
(12.4, -0.157)
(12.5, -0.155)
(12.6, -0.153)
(12.7, -0.151)
(12.8, -0.149)
(12.9, -0.147)
(13.0, -0.145)
(13.1, -0.143)
(13.2, -0.141)
(13.3, -0.139)
(13.4, -0.137)
(13.5, -0.135)
(13.6, -0.133)
(13.7, -0.131)
(13.8, -0.128)
(13.9, -0.126)
(14.0, -0.124)
(14.1, -0.121)
(14.2, -0.118)
(14.3, -0.116)
(14.4, -0.113)
(14.5, -0.111)
(14.6, -0.108)
(14.7, -0.105)
(14.8, -0.103)
(14.9, -0.099)
(15.0, -0.097)
(15.1, -0.094)
(15.2, -0.092)
(15.3, -0.089)
(15.4, -0.085)
(15.5, -0.083)
(15.6, -0.08)
(15.7, -0.078)
(15.8, -0.075)
(15.9, -0.072)
(16.0, -0.069)
(16.1, -0.066)
(16.2, -0.063)
(16.3, -0.061)
(16.4, -0.058)
(16.5, -0.055)
(16.6, -0.052)
(16.7, -0.049)
(16.8, -0.047)
(16.9, -0.044)
(17.0, -0.041)
(17.1, -0.039)
(17.2, -0.036)
(17.3, -0.033)
(17.4, -0.031)
(17.5, -0.028)
(17.6, -0.026)
(17.7, -0.024)
(17.8, -0.021)
(17.9, -0.019)
(18.0, -0.017)
(18.1, -0.015)
(18.2, -0.012)
(18.3, -0.01)
(18.4, -0.008)
(18.5, -0.007)
(18.6, -0.005)
(18.7, -0.003)
(18.8, -0.001)
(18.9, 0.0)
(19.0, 0.001)
(19.1, 0.002)
(19.2, 0.003)
(19.3, 0.004)
(19.4, 0.005)
(19.5, 0.006)
(19.6, 0.007)
(19.7, 0.008)
(19.8, 0.009)
(19.9, 0.01)
(20.0, 0.01)
(20.1, 0.01)
(20.2, 0.01)
(20.3, 0.01)
(20.4, 0.01)
(20.5, 0.009)
(20.6, 0.008)
(20.7, 0.007)
(20.8, 0.006)
(20.9, 0.005)
(21.0, 0.004)
(21.1, 0.003)
(21.2, 0.001)
(21.3, -0.0)
(21.4, -0.002)
(21.5, -0.005)
(21.6, -0.007)
(21.7, -0.01)
(21.8, -0.013)
(21.9, -0.016)
(22.0, -0.019)
(22.1, -0.023)
(22.2, -0.026)
(22.3, -0.03)
(22.4, -0.035)
(22.5, -0.039)
(22.6, -0.044)
(22.7, -0.049)
(22.8, -0.054)
(22.9, -0.059)
(23.0, -0.066)
(23.1, -0.072)
(23.2, -0.078)
(23.3, -0.085)
(23.4, -0.092)
(23.5, -0.099)
(23.6, -0.107)
(23.7, -0.114)
(23.8, -0.123)
(23.9, -0.131)
(24.0, -0.141)
(24.1, -0.15)
(24.2, -0.159)
(24.3, -0.168)
(24.4, -0.179)
(24.5, -0.192)
(24.6, -0.201)
(24.7, -0.213)
(24.8, -0.225)
(24.9, -0.237)
(25.0, -0.248)
(25.1, -0.262)
(25.2, -0.276)
(25.3, -0.289)
(25.4, -0.305)
(25.5, -0.318)
(25.6, -0.334)
(25.7, -0.348)
(25.8, -0.366)
(25.9, -0.382)
(26.0, -0.398)
(26.1, -0.416)
(26.2, -0.434)
(26.3, -0.451)
(26.4, -0.471)
(26.5, -0.49)
(26.6, -0.51)
(26.7, -0.53)
(26.8, -0.551)
(26.9, -0.572)
(27.0, -0.594)
(27.1, -0.616)
(27.2, -0.638)
(27.3, -0.662)
(27.4, -0.686)
(27.5, -0.712)
(27.6, -0.735)
(27.7, -0.761)
(27.8, -0.788)
(27.9, -0.814)
(28.0, -0.841)
(28.1, -0.869)
(28.2, -0.898)
(28.3, -0.928)
(28.4, -0.958)
(28.5, -0.988)
(28.6, -1.019)
(28.7, -1.051)
(28.8, -1.084)
(28.9, -1.117)
(29.0, -1.151)
(29.1, -1.186)
(29.2, -1.219)
(29.3, -1.256)
(29.4, -1.291)
(29.5, -1.329)
(29.6, -1.367)
(29.7, -1.407)
(29.8, -1.447)
(29.9, -1.487)
(30.0, -1.527)